64D
1
17 47
1
18 46
64
19 45
2
20 44
63
21 43
3
22 42
62
23 41
4
24 40
61
25 33
5
32 34
60
31 35
6
30 36
59
29 37
7
28 38
58
27 39
8
26 48
57
16 49
9
15 50
56
14 51
10
13 52
55
12 53
11
54
25µm vertical spacing
16-20µm horizontal spacing
1.05 mm
64E
1
64
1
63
2
62
3
61
4
60
5
59
6
58
7
57
8
56
9
55
10
54
11
53
12
52
13
51
14
50
15
49
16
48
17
47
18
46
19
45
20
44
21
43
22
42
23
41
24
40
25
33
32
34
31
35
30
36
29
37
28
38
27
39
26
                                      50μm vertical spacing 
                                   
3.15 mm
64F
1 2
13 45
20 52
12 44
21 53
11 43
22 54
10 42
23 55
9 41
24 56
8 40
25 57
7 33
32 58
6 34
31 59
5 35
30 60
4 36
29 61
3 37
28 62
2 38
27 63
1 39
26 64
14 46
19 51
15 47
18 50
16 48
17 49
0.300 mm
25 μm vertical spacing
6-10 μm horizontal spacing
0.775 mm
64G
1 2
16 48
28 2 62 39
17 49
27 1 63 38
15 47
26 3 64 37
18 50
29 4 61 36
14 46
30 5 60 35
19 51
31 6 59 34
13 45
32 7 58 33
20 52
25 8 57 40
12 44
24 9 56 41
21 53
23 10 55 42
11 43
22 54
0.300 mm
25 μm vertical spacing
16-20 μm horizontal spacing
0.525 mm 