A16
1 2 3 4 5 6 7 8 16 15 14 13 12 11 10 9
OM16
9 11 13 15 1 3 5 7 10 12 14 16 2 4 6 8

A16
1 2 3 4 5 6 7 8 16 15 14 13 12 11 10 9
OM32
9 11 13 15 1 3 5 7 10 12 14 16 2 4 6 8

A16
8 7 6 5 4 3 2 1 9 10 11 12 13 14 15 16
Z16
1 2 3 4 13 14 15 16 5 6 7 8 9 10 11 12

A16
8 7 6 5 4 3 2 1 9 10 11 12 13 14 15 16
A32
8 7 6 5 4 3 2 1 9 10 11 12 13 14 15 16

A32
10 9 8 7 6 5 4 3 2 1 11 12 13 14 15 16 22 21 20 19 18 17 23 24 25 26 27 28 29 30 31 32
Z32
10 9 8 7 26 25 24 23 27 28 29 30 3 4 5 6 2 11 12 15 18 21 22 31 32 20 19 17 16 14 13 1

A32
10 9 8 7 6 5 4 3 2 1 11 12 13 14 15 16 22 21 20 19 18 17 23 24 25 26 27 28 29 30 31 32
OM32
23 25 27 29 31 19 17 21 11 15 13 1 3 5 7 9 24 26 28 30 32 20 18 22 12 16 14 2 4 6 8 10

A32
10 9 8 7 6 5 4 3 2 1 11 12 13 14 15 16 22 21 20 19 18 17 23 24 25 26 27 28 29 30 31 32
OM16x2
24 26 28 30 32 21 19 18 16 13 11 2 4 6 8 10 23 25 27 29 31 22 20 17 15 14 12 1 3 5 7 9

A32
10 9 8 7 6 5 4 3 2 1 11 12 13 14 15 16 22 21 20 19 18 17 23 24 25 26 27 28 29 30 31 32
A16x2
10 9 8 7 6 5 4 3 16 15 13 14 12 11 1 2 32 31 30 29 28 27 26 25 22 21 20 19 18 17 23 24